Uscita = 1.000000;
A1_min = 0.000000;
A1_cur = 2.000000;
A1_max = 10.000000;
A2_min = 0.000000;
A2_cur = 2.000000;
A2_max = 10.000000;
rho_min = 900.000000;
rho_cur = 1000.000000;
rho_max = 1100.000000;
R1_min = 0.000000;
R1_cur = 500.000000;
R1_max = 1000.000000;
R2_min = 0.000000;
R2_cur = 500.000000;
R2_max = 1000.000000;
h10_min = 0.000000;
h10_cur = 0.000000;
h10_max = 10.000000;
h20_min = 0.000000;
h20_cur = 0.000000;
h20_max = 10.000000;
Mur1_min = 0.000000;
Mur1_cur = 25.000000;
Mur1_max = 50.000000;
Mur2_min = 0.000000;
Mur2_cur = 15.000000;
Mur2_max = 50.000000;
Sph2_min = 0.000000;
Sph2_cur = 5.000000;
Sph2_max = 10.000000;
Phi_ie_min = 0.000000;
Phi_ie_cur = 5.000000;
Phi_ie_max = 10.000000;
Z1 = '-2 -10';
P1 = '0.1 -9';
Z2 = '-8';
P2 = '0 -70';
